256
0x0 None
0x1 9
0x2 10
0x3 9, 10
0x4 11
0x5 9, 11
0x6 10, 11
0x7 9, 10, 11
0x8 12
0x9 9, 12
0xA 10, 12
0xB 9, 10, 12
0xC 11, 12
0xD 9, 11, 12
0xE 10, 11, 12
0xF 9, 10, 11, 12
0x10 13
0x11 9, 13
0x12 10, 13
0x13 9, 10, 13
0x14 11, 13
0x15 9, 11, 13
0x16 10, 11, 13
0x17 9, 10, 11, 13
0x18 12, 13
0x19 9, 12, 13
0x1A 10, 12, 13
0x1B 9, 10, 12, 13
0x1C 11, 12, 13
0x1D 9, 11, 12, 13
0x1E 10, 11, 12, 13
0x1F 9, 10, 11, 12, 13
0x20 14
0x21 9, 14
0x22 10, 14
0x23 9, 10, 14
0x24 11, 14
0x25 9, 11, 14
0x26 10, 11, 14
0x27 9, 10, 11, 14
0x28 12, 14
0x29 9, 12, 14
0x2A 10, 12, 14
0x2B 9, 10, 12, 14
0x2C 11, 12, 14
0x2D 9, 11, 12, 14
0x2E 10, 11, 12, 14
0x2F 9, 10, 11, 12, 14
0x30 13, 14
0x31 9, 13, 14
0x32 10, 13, 14
0x33 9, 10, 13, 14
0x34 11, 13, 14
0x35 9, 11, 13, 14
0x36 10, 11, 13, 14
0x37 9, 10, 11, 13, 14
0x38 12, 13, 14
0x39 9, 12, 13, 14
0x3A 10, 12, 13, 14
0x3B 9, 10, 12, 13, 14
0x3C 11, 12, 13, 14
0x3D 9, 11, 12, 13, 14
0x3E 10, 11, 12, 13, 14
0x3F 9, 10, 11, 12, 13, 14
0x40 15
0x41 9, 15
0x42 10, 15
0x43 9, 10, 15
0x44 11, 15
0x45 9, 11, 15
0x46 10, 11, 15
0x47 9, 10, 11, 15
0x48 12, 15
0x49 9, 12, 15
0x4A 10, 12, 15
0x4B 9, 10, 12, 15
0x4C 11, 12, 15
0x4D 9, 11, 12, 15
0x4E 10, 11, 12, 15
0x4F 9, 10, 11, 12, 15
0x50 13, 15
0x51 9, 13, 15
0x52 10, 13, 15
0x53 9, 10, 13, 15
0x54 11, 13, 15
0x55 9, 11, 13, 15
0x56 10, 11, 13, 15
0x57 9, 10, 11, 13, 15
0x58 12, 13, 15
0x59 9, 12, 13, 15
0x5A 10, 12, 13, 15
0x5B 9, 10, 12, 13, 15
0x5C 11, 12, 13, 15
0x5D 9, 11, 12, 13, 15
0x5E 10, 11, 12, 13, 15
0x5F 9, 10, 11, 12, 13, 15
0x60 14, 15
0x61 9, 14, 15
0x62 10, 14, 15
0x63 9, 10, 14, 15
0x64 11, 14, 15
0x65 9, 11, 14, 15
0x66 10, 11, 14, 15
0x67 9, 10, 11, 14, 15
0x68 12, 14, 15
0x69 9, 12, 14, 15
0x6A 10, 12, 14, 15
0x6B 9, 10, 12, 14, 15
0x6C 11, 12, 14, 15
0x6D 9, 11, 12, 14, 15
0x6E 10, 11, 12, 14, 15
0x6F 9, 10, 11, 12, 14, 15
0x70 13, 14, 15
0x71 9, 13, 14, 15
0x72 10, 13, 14, 15
0x73 9, 10, 13, 14, 15
0x74 11, 13, 14, 15
0x75 9, 11, 13, 14, 15
0x76 10, 11, 13, 14, 15
0x77 9, 10, 11, 13, 14, 15
0x78 12, 13, 14, 15
0x79 9, 12, 13, 14, 15
0x7A 10, 12, 13, 14, 15
0x7B 9, 10, 12, 13, 14, 15
0x7C 11, 12, 13, 14, 15
0x7D 9, 11, 12, 13, 14, 15
0x7E 10, 11, 12, 13, 14, 15
0x7F 9, 10, 11, 12, 13, 14, 15
0x80 16
0x81 9, 16
0x82 10, 16
0x83 9, 10, 16
0x84 11, 16
0x85 9, 11, 16
0x86 10, 11, 16
0x87 9, 10, 11, 16
0x88 12, 16
0x89 9, 12, 16
0x8A 10, 12, 16
0x8B 9, 10, 12, 16
0x8C 11, 12, 16
0x8D 9, 11, 12, 16
0x8E 10, 11, 12, 16
0x8F 9, 10, 11, 12, 16
0x90 13, 16
0x91 9, 13, 16
0x92 10, 13, 16
0x93 9, 10, 13, 16
0x94 11, 13, 16
0x95 9, 11, 13, 16
0x96 10, 11, 13, 16
0x97 9, 10, 11, 13, 16
0x98 12, 13, 16
0x99 9, 12, 13, 16
0x9A 10, 12, 13, 16
0x9B 9, 10, 12, 13, 16
0x9C 11, 12, 13, 16
0x9D 9, 11, 12, 13, 16
0x9E 10, 11, 12, 13, 16
0x9F 9, 10, 11, 12, 13, 16
0xA0 14, 16
0xA1 9, 14, 16
0xA2 10, 14, 16
0xA3 9, 10, 14, 16
0xA4 11, 14, 16
0xA5 9, 11, 14, 16
0xA6 10, 11, 14, 16
0xA7 9, 10, 11, 14, 16
0xA8 12, 14, 16
0xA9 9, 12, 14, 16
0xAA 10, 12, 14, 16
0xAB 9, 10, 12, 14, 16
0xAC 11, 12, 14, 16
0xAD 9, 11, 12, 14, 16
0xAE 10, 11, 12, 14, 16
0xAF 9, 10, 11, 12, 14, 16
0xB0 13, 14, 16
0xB1 9, 13, 14, 16
0xB2 10, 13, 14, 16
0xB3 9, 10, 13, 14, 16
0xB4 11, 13, 14, 16
0xB5 9, 11, 13, 14, 16
0xB6 10, 11, 13, 14, 16
0xB7 9, 10, 11, 13, 14, 16
0xB8 12, 13, 14, 16
0xB9 9, 12, 13, 14, 16
0xBA 10, 12, 13, 14, 16
0xBB 9, 10, 12, 13, 14, 16
0xBC 11, 12, 13, 14, 16
0xBD 9, 11, 12, 13, 14, 16
0xBE 10, 11, 12, 13, 14, 16
0xBF 9, 10, 11, 12, 13, 14, 16
0xC0 15, 16
0xC1 9, 15, 16
0xC2 10, 15, 16
0xC3 9, 10, 15, 16
0xC4 11, 15, 16
0xC5 9, 11, 15, 16
0xC6 10, 11, 15, 16
0xC7 9, 10, 11, 15, 16
0xC8 12, 15, 16
0xC9 9, 12, 15, 16
0xCA 10, 12, 15, 16
0xCB 9, 10, 12, 15, 16
0xCC 11, 12, 15, 16
0xCD 9, 11, 12, 15, 16
0xCE 10, 11, 12, 15, 16
0xCF 9, 10, 11, 12, 15, 16
0xD0 13, 15, 16
0xD1 9, 13, 15, 16
0xD2 10, 13, 15, 16
0xD3 9, 10, 13, 15, 16
0xD4 11, 13, 15, 16
0xD5 9, 11, 13, 15, 16
0xD6 10, 11, 13, 15, 16
0xD7 9, 10, 11, 13, 15, 16
0xD8 12, 13, 15, 16
0xD9 9, 12, 13, 15, 16
0xDA 10, 12, 13, 15, 16
0xDB 9, 10, 12, 13, 15, 16
0xDC 11, 12, 13, 15, 16
0xDD 9, 11, 12, 13, 15, 16
0xDE 10, 11, 12, 13, 15, 16
0xDF 9, 10, 11, 12, 13, 15, 16
0xE0 14, 15, 16
0xE1 9, 14, 15, 16
0xE2 10, 14, 15, 16
0xE3 9, 10, 14, 15, 16
0xE4 11, 14, 15, 16
0xE5 9, 11, 14, 15, 16
0xE6 10, 11, 14, 15, 16
0xE7 9, 10, 11, 14, 15, 16
0xE8 12, 14, 15, 16
0xE9 9, 12, 14, 15, 16
0xEA 10, 12, 14, 15, 16
0xEB 9, 10, 12, 14, 15, 16
0xEC 11, 12, 14, 15, 16
0xED 9, 11, 12, 14, 15, 16
0xEE 10, 11, 12, 14, 15, 16
0xEF 9, 10, 11, 12, 14, 15, 16
0xF0 13, 14, 15, 16
0xF1 9, 13, 14, 15, 16
0xF2 10, 13, 14, 15, 16
0xF3 9, 10, 13, 14, 15, 16
0xF4 11, 13, 14, 15, 16
0xF5 9, 11, 13, 14, 15, 16
0xF6 10, 11, 13, 14, 15, 16
0xF7 9, 10, 11, 13, 14, 15, 16
0xF8 12, 13, 14, 15, 16
0xF9 9, 12, 13, 14, 15, 16
0xFA 10, 12, 13, 14, 15, 16
0xFB 9, 10, 12, 13, 14, 15, 16
0xFC 11, 12, 13, 14, 15, 16
0xFD 9, 11, 12, 13, 14, 15, 16
0xFE 10, 11, 12, 13, 14, 15, 16
0xFF 9, 10, 11, 12, 13, 14, 15, 16
