256
0x0 None
0x1 17
0x2 18
0x3 17, 18
0x4 19
0x5 17, 19
0x6 18, 19
0x7 17, 18, 19
0x8 20
0x9 17, 20
0xA 18, 20
0xB 17, 18, 20
0xC 19, 20
0xD 17, 19, 20
0xE 18, 19, 20
0xF 17, 18, 19, 20
0x10 21
0x11 17, 21
0x12 18, 21
0x13 17, 18, 21
0x14 19, 21
0x15 17, 19, 21
0x16 18, 19, 21
0x17 17, 18, 19, 21
0x18 20, 21
0x19 17, 20, 21
0x1A 18, 20, 21
0x1B 17, 18, 20, 21
0x1C 19, 20, 21
0x1D 17, 19, 20, 21
0x1E 18, 19, 20, 21
0x1F 17, 18, 19, 20, 21
0x20 22
0x21 17, 22
0x22 18, 22
0x23 17, 18, 22
0x24 19, 22
0x25 17, 19, 22
0x26 18, 19, 22
0x27 17, 18, 19, 22
0x28 20, 22
0x29 17, 20, 22
0x2A 18, 20, 22
0x2B 17, 18, 20, 22
0x2C 19, 20, 22
0x2D 17, 19, 20, 22
0x2E 18, 19, 20, 22
0x2F 17, 18, 19, 20, 22
0x30 21, 22
0x31 17, 21, 22
0x32 18, 21, 22
0x33 17, 18, 21, 22
0x34 19, 21, 22
0x35 17, 19, 21, 22
0x36 18, 19, 21, 22
0x37 17, 18, 19, 21, 22
0x38 20, 21, 22
0x39 17, 20, 21, 22
0x3A 18, 20, 21, 22
0x3B 17, 18, 20, 21, 22
0x3C 19, 20, 21, 22
0x3D 17, 19, 20, 21, 22
0x3E 18, 19, 20, 21, 22
0x3F 17, 18, 19, 20, 21, 22
0x40 23
0x41 17, 23
0x42 18, 23
0x43 17, 18, 23
0x44 19, 23
0x45 17, 19, 23
0x46 18, 19, 23
0x47 17, 18, 19, 23
0x48 20, 23
0x49 17, 20, 23
0x4A 18, 20, 23
0x4B 17, 18, 20, 23
0x4C 19, 20, 23
0x4D 17, 19, 20, 23
0x4E 18, 19, 20, 23
0x4F 17, 18, 19, 20, 23
0x50 21, 23
0x51 17, 21, 23
0x52 18, 21, 23
0x53 17, 18, 21, 23
0x54 19, 21, 23
0x55 17, 19, 21, 23
0x56 18, 19, 21, 23
0x57 17, 18, 19, 21, 23
0x58 20, 21, 23
0x59 17, 20, 21, 23
0x5A 18, 20, 21, 23
0x5B 17, 18, 20, 21, 23
0x5C 19, 20, 21, 23
0x5D 17, 19, 20, 21, 23
0x5E 18, 19, 20, 21, 23
0x5F 17, 18, 19, 20, 21, 23
0x60 22, 23
0x61 17, 22, 23
0x62 18, 22, 23
0x63 17, 18, 22, 23
0x64 19, 22, 23
0x65 17, 19, 22, 23
0x66 18, 19, 22, 23
0x67 17, 18, 19, 22, 23
0x68 20, 22, 23
0x69 17, 20, 22, 23
0x6A 18, 20, 22, 23
0x6B 17, 18, 20, 22, 23
0x6C 19, 20, 22, 23
0x6D 17, 19, 20, 22, 23
0x6E 18, 19, 20, 22, 23
0x6F 17, 18, 19, 20, 22, 23
0x70 21, 22, 23
0x71 17, 21, 22, 23
0x72 18, 21, 22, 23
0x73 17, 18, 21, 22, 23
0x74 19, 21, 22, 23
0x75 17, 19, 21, 22, 23
0x76 18, 19, 21, 22, 23
0x77 17, 18, 19, 21, 22, 23
0x78 20, 21, 22, 23
0x79 17, 20, 21, 22, 23
0x7A 18, 20, 21, 22, 23
0x7B 17, 18, 20, 21, 22, 23
0x7C 19, 20, 21, 22, 23
0x7D 17, 19, 20, 21, 22, 23
0x7E 18, 19, 20, 21, 22, 23
0x7F 17, 18, 19, 20, 21, 22, 23
0x80 24
0x81 17, 24
0x82 18, 24
0x83 17, 18, 24
0x84 19, 24
0x85 17, 19, 24
0x86 18, 19, 24
0x87 17, 18, 19, 24
0x88 20, 24
0x89 17, 20, 24
0x8A 18, 20, 24
0x8B 17, 18, 20, 24
0x8C 19, 20, 24
0x8D 17, 19, 20, 24
0x8E 18, 19, 20, 24
0x8F 17, 18, 19, 20, 24
0x90 21, 24
0x91 17, 21, 24
0x92 18, 21, 24
0x93 17, 18, 21, 24
0x94 19, 21, 24
0x95 17, 19, 21, 24
0x96 18, 19, 21, 24
0x97 17, 18, 19, 21, 24
0x98 20, 21, 24
0x99 17, 20, 21, 24
0x9A 18, 20, 21, 24
0x9B 17, 18, 20, 21, 24
0x9C 19, 20, 21, 24
0x9D 17, 19, 20, 21, 24
0x9E 18, 19, 20, 21, 24
0x9F 17, 18, 19, 20, 21, 24
0xA0 22, 24
0xA1 17, 22, 24
0xA2 18, 22, 24
0xA3 17, 18, 22, 24
0xA4 19, 22, 24
0xA5 17, 19, 22, 24
0xA6 18, 19, 22, 24
0xA7 17, 18, 19, 22, 24
0xA8 20, 22, 24
0xA9 17, 20, 22, 24
0xAA 18, 20, 22, 24
0xAB 17, 18, 20, 22, 24
0xAC 19, 20, 22, 24
0xAD 17, 19, 20, 22, 24
0xAE 18, 19, 20, 22, 24
0xAF 17, 18, 19, 20, 22, 24
0xB0 21, 22, 24
0xB1 17, 21, 22, 24
0xB2 18, 21, 22, 24
0xB3 17, 18, 21, 22, 24
0xB4 19, 21, 22, 24
0xB5 17, 19, 21, 22, 24
0xB6 18, 19, 21, 22, 24
0xB7 17, 18, 19, 21, 22, 24
0xB8 20, 21, 22, 24
0xB9 17, 20, 21, 22, 24
0xBA 18, 20, 21, 22, 24
0xBB 17, 18, 20, 21, 22, 24
0xBC 19, 20, 21, 22, 24
0xBD 17, 19, 20, 21, 22, 24
0xBE 18, 19, 20, 21, 22, 24
0xBF 17, 18, 19, 20, 21, 22, 24
0xC0 23, 24
0xC1 17, 23, 24
0xC2 18, 23, 24
0xC3 17, 18, 23, 24
0xC4 19, 23, 24
0xC5 17, 19, 23, 24
0xC6 18, 19, 23, 24
0xC7 17, 18, 19, 23, 24
0xC8 20, 23, 24
0xC9 17, 20, 23, 24
0xCA 18, 20, 23, 24
0xCB 17, 18, 20, 23, 24
0xCC 19, 20, 23, 24
0xCD 17, 19, 20, 23, 24
0xCE 18, 19, 20, 23, 24
0xCF 17, 18, 19, 20, 23, 24
0xD0 21, 23, 24
0xD1 17, 21, 23, 24
0xD2 18, 21, 23, 24
0xD3 17, 18, 21, 23, 24
0xD4 19, 21, 23, 24
0xD5 17, 19, 21, 23, 24
0xD6 18, 19, 21, 23, 24
0xD7 17, 18, 19, 21, 23, 24
0xD8 20, 21, 23, 24
0xD9 17, 20, 21, 23, 24
0xDA 18, 20, 21, 23, 24
0xDB 17, 18, 20, 21, 23, 24
0xDC 19, 20, 21, 23, 24
0xDD 17, 19, 20, 21, 23, 24
0xDE 18, 19, 20, 21, 23, 24
0xDF 17, 18, 19, 20, 21, 23, 24
0xE0 22, 23, 24
0xE1 17, 22, 23, 24
0xE2 18, 22, 23, 24
0xE3 17, 18, 22, 23, 24
0xE4 19, 22, 23, 24
0xE5 17, 19, 22, 23, 24
0xE6 18, 19, 22, 23, 24
0xE7 17, 18, 19, 22, 23, 24
0xE8 20, 22, 23, 24
0xE9 17, 20, 22, 23, 24
0xEA 18, 20, 22, 23, 24
0xEB 17, 18, 20, 22, 23, 24
0xEC 19, 20, 22, 23, 24
0xED 17, 19, 20, 22, 23, 24
0xEE 18, 19, 20, 22, 23, 24
0xEF 17, 18, 19, 20, 22, 23, 24
0xF0 21, 22, 23, 24
0xF1 17, 21, 22, 23, 24
0xF2 18, 21, 22, 23, 24
0xF3 17, 18, 21, 22, 23, 24
0xF4 19, 21, 22, 23, 24
0xF5 17, 19, 21, 22, 23, 24
0xF6 18, 19, 21, 22, 23, 24
0xF7 17, 18, 19, 21, 22, 23, 24
0xF8 20, 21, 22, 23, 24
0xF9 17, 20, 21, 22, 23, 24
0xFA 18, 20, 21, 22, 23, 24
0xFB 17, 18, 20, 21, 22, 23, 24
0xFC 19, 20, 21, 22, 23, 24
0xFD 17, 19, 20, 21, 22, 23, 24
0xFE 18, 19, 20, 21, 22, 23, 24
0xFF 17, 18, 19, 20, 21, 22, 23, 24
