256
0x0 None
0x1 41
0x2 42
0x3 41, 42
0x4 43
0x5 41, 43
0x6 42, 43
0x7 41, 42, 43
0x8 44
0x9 41, 44
0xA 42, 44
0xB 41, 42, 44
0xC 43, 44
0xD 41, 43, 44
0xE 42, 43, 44
0xF 41, 42, 43, 44
0x10 45
0x11 41, 45
0x12 42, 45
0x13 41, 42, 45
0x14 43, 45
0x15 41, 43, 45
0x16 42, 43, 45
0x17 41, 42, 43, 45
0x18 44, 45
0x19 41, 44, 45
0x1A 42, 44, 45
0x1B 41, 42, 44, 45
0x1C 43, 44, 45
0x1D 41, 43, 44, 45
0x1E 42, 43, 44, 45
0x1F 41, 42, 43, 44, 45
0x20 46
0x21 41, 46
0x22 42, 46
0x23 41, 42, 46
0x24 43, 46
0x25 41, 43, 46
0x26 42, 43, 46
0x27 41, 42, 43, 46
0x28 44, 46
0x29 41, 44, 46
0x2A 42, 44, 46
0x2B 41, 42, 44, 46
0x2C 43, 44, 46
0x2D 41, 43, 44, 46
0x2E 42, 43, 44, 46
0x2F 41, 42, 43, 44, 46
0x30 45, 46
0x31 41, 45, 46
0x32 42, 45, 46
0x33 41, 42, 45, 46
0x34 43, 45, 46
0x35 41, 43, 45, 46
0x36 42, 43, 45, 46
0x37 41, 42, 43, 45, 46
0x38 44, 45, 46
0x39 41, 44, 45, 46
0x3A 42, 44, 45, 46
0x3B 41, 42, 44, 45, 46
0x3C 43, 44, 45, 46
0x3D 41, 43, 44, 45, 46
0x3E 42, 43, 44, 45, 46
0x3F 41, 42, 43, 44, 45, 46
0x40 47
0x41 41, 47
0x42 42, 47
0x43 41, 42, 47
0x44 43, 47
0x45 41, 43, 47
0x46 42, 43, 47
0x47 41, 42, 43, 47
0x48 44, 47
0x49 41, 44, 47
0x4A 42, 44, 47
0x4B 41, 42, 44, 47
0x4C 43, 44, 47
0x4D 41, 43, 44, 47
0x4E 42, 43, 44, 47
0x4F 41, 42, 43, 44, 47
0x50 45, 47
0x51 41, 45, 47
0x52 42, 45, 47
0x53 41, 42, 45, 47
0x54 43, 45, 47
0x55 41, 43, 45, 47
0x56 42, 43, 45, 47
0x57 41, 42, 43, 45, 47
0x58 44, 45, 47
0x59 41, 44, 45, 47
0x5A 42, 44, 45, 47
0x5B 41, 42, 44, 45, 47
0x5C 43, 44, 45, 47
0x5D 41, 43, 44, 45, 47
0x5E 42, 43, 44, 45, 47
0x5F 41, 42, 43, 44, 45, 47
0x60 46, 47
0x61 41, 46, 47
0x62 42, 46, 47
0x63 41, 42, 46, 47
0x64 43, 46, 47
0x65 41, 43, 46, 47
0x66 42, 43, 46, 47
0x67 41, 42, 43, 46, 47
0x68 44, 46, 47
0x69 41, 44, 46, 47
0x6A 42, 44, 46, 47
0x6B 41, 42, 44, 46, 47
0x6C 43, 44, 46, 47
0x6D 41, 43, 44, 46, 47
0x6E 42, 43, 44, 46, 47
0x6F 41, 42, 43, 44, 46, 47
0x70 45, 46, 47
0x71 41, 45, 46, 47
0x72 42, 45, 46, 47
0x73 41, 42, 45, 46, 47
0x74 43, 45, 46, 47
0x75 41, 43, 45, 46, 47
0x76 42, 43, 45, 46, 47
0x77 41, 42, 43, 45, 46, 47
0x78 44, 45, 46, 47
0x79 41, 44, 45, 46, 47
0x7A 42, 44, 45, 46, 47
0x7B 41, 42, 44, 45, 46, 47
0x7C 43, 44, 45, 46, 47
0x7D 41, 43, 44, 45, 46, 47
0x7E 42, 43, 44, 45, 46, 47
0x7F 41, 42, 43, 44, 45, 46, 47
0x80 48
0x81 41, 48
0x82 42, 48
0x83 41, 42, 48
0x84 43, 48
0x85 41, 43, 48
0x86 42, 43, 48
0x87 41, 42, 43, 48
0x88 44, 48
0x89 41, 44, 48
0x8A 42, 44, 48
0x8B 41, 42, 44, 48
0x8C 43, 44, 48
0x8D 41, 43, 44, 48
0x8E 42, 43, 44, 48
0x8F 41, 42, 43, 44, 48
0x90 45, 48
0x91 41, 45, 48
0x92 42, 45, 48
0x93 41, 42, 45, 48
0x94 43, 45, 48
0x95 41, 43, 45, 48
0x96 42, 43, 45, 48
0x97 41, 42, 43, 45, 48
0x98 44, 45, 48
0x99 41, 44, 45, 48
0x9A 42, 44, 45, 48
0x9B 41, 42, 44, 45, 48
0x9C 43, 44, 45, 48
0x9D 41, 43, 44, 45, 48
0x9E 42, 43, 44, 45, 48
0x9F 41, 42, 43, 44, 45, 48
0xA0 46, 48
0xA1 41, 46, 48
0xA2 42, 46, 48
0xA3 41, 42, 46, 48
0xA4 43, 46, 48
0xA5 41, 43, 46, 48
0xA6 42, 43, 46, 48
0xA7 41, 42, 43, 46, 48
0xA8 44, 46, 48
0xA9 41, 44, 46, 48
0xAA 42, 44, 46, 48
0xAB 41, 42, 44, 46, 48
0xAC 43, 44, 46, 48
0xAD 41, 43, 44, 46, 48
0xAE 42, 43, 44, 46, 48
0xAF 41, 42, 43, 44, 46, 48
0xB0 45, 46, 48
0xB1 41, 45, 46, 48
0xB2 42, 45, 46, 48
0xB3 41, 42, 45, 46, 48
0xB4 43, 45, 46, 48
0xB5 41, 43, 45, 46, 48
0xB6 42, 43, 45, 46, 48
0xB7 41, 42, 43, 45, 46, 48
0xB8 44, 45, 46, 48
0xB9 41, 44, 45, 46, 48
0xBA 42, 44, 45, 46, 48
0xBB 41, 42, 44, 45, 46, 48
0xBC 43, 44, 45, 46, 48
0xBD 41, 43, 44, 45, 46, 48
0xBE 42, 43, 44, 45, 46, 48
0xBF 41, 42, 43, 44, 45, 46, 48
0xC0 47, 48
0xC1 41, 47, 48
0xC2 42, 47, 48
0xC3 41, 42, 47, 48
0xC4 43, 47, 48
0xC5 41, 43, 47, 48
0xC6 42, 43, 47, 48
0xC7 41, 42, 43, 47, 48
0xC8 44, 47, 48
0xC9 41, 44, 47, 48
0xCA 42, 44, 47, 48
0xCB 41, 42, 44, 47, 48
0xCC 43, 44, 47, 48
0xCD 41, 43, 44, 47, 48
0xCE 42, 43, 44, 47, 48
0xCF 41, 42, 43, 44, 47, 48
0xD0 45, 47, 48
0xD1 41, 45, 47, 48
0xD2 42, 45, 47, 48
0xD3 41, 42, 45, 47, 48
0xD4 43, 45, 47, 48
0xD5 41, 43, 45, 47, 48
0xD6 42, 43, 45, 47, 48
0xD7 41, 42, 43, 45, 47, 48
0xD8 44, 45, 47, 48
0xD9 41, 44, 45, 47, 48
0xDA 42, 44, 45, 47, 48
0xDB 41, 42, 44, 45, 47, 48
0xDC 43, 44, 45, 47, 48
0xDD 41, 43, 44, 45, 47, 48
0xDE 42, 43, 44, 45, 47, 48
0xDF 41, 42, 43, 44, 45, 47, 48
0xE0 46, 47, 48
0xE1 41, 46, 47, 48
0xE2 42, 46, 47, 48
0xE3 41, 42, 46, 47, 48
0xE4 43, 46, 47, 48
0xE5 41, 43, 46, 47, 48
0xE6 42, 43, 46, 47, 48
0xE7 41, 42, 43, 46, 47, 48
0xE8 44, 46, 47, 48
0xE9 41, 44, 46, 47, 48
0xEA 42, 44, 46, 47, 48
0xEB 41, 42, 44, 46, 47, 48
0xEC 43, 44, 46, 47, 48
0xED 41, 43, 44, 46, 47, 48
0xEE 42, 43, 44, 46, 47, 48
0xEF 41, 42, 43, 44, 46, 47, 48
0xF0 45, 46, 47, 48
0xF1 41, 45, 46, 47, 48
0xF2 42, 45, 46, 47, 48
0xF3 41, 42, 45, 46, 47, 48
0xF4 43, 45, 46, 47, 48
0xF5 41, 43, 45, 46, 47, 48
0xF6 42, 43, 45, 46, 47, 48
0xF7 41, 42, 43, 45, 46, 47, 48
0xF8 44, 45, 46, 47, 48
0xF9 41, 44, 45, 46, 47, 48
0xFA 42, 44, 45, 46, 47, 48
0xFB 41, 42, 44, 45, 46, 47, 48
0xFC 43, 44, 45, 46, 47, 48
0xFD 41, 43, 44, 45, 46, 47, 48
0xFE 42, 43, 44, 45, 46, 47, 48
0xFF 41, 42, 43, 44, 45, 46, 47, 48