256
0x0 None
0x1 25
0x2 26
0x3 25, 26
0x4 27
0x5 25, 27
0x6 26, 27
0x7 25, 26, 27
0x8 28
0x9 25, 28
0xA 26, 28
0xB 25, 26, 28
0xC 27, 28
0xD 25, 27, 28
0xE 26, 27, 28
0xF 25, 26, 27, 28
0x10 29
0x11 25, 29
0x12 26, 29
0x13 25, 26, 29
0x14 27, 29
0x15 25, 27, 29
0x16 26, 27, 29
0x17 25, 26, 27, 29
0x18 28, 29
0x19 25, 28, 29
0x1A 26, 28, 29
0x1B 25, 26, 28, 29
0x1C 27, 28, 29
0x1D 25, 27, 28, 29
0x1E 26, 27, 28, 29
0x1F 25, 26, 27, 28, 29
0x20 30
0x21 25, 30
0x22 26, 30
0x23 25, 26, 30
0x24 27, 30
0x25 25, 27, 30
0x26 26, 27, 30
0x27 25, 26, 27, 30
0x28 28, 30
0x29 25, 28, 30
0x2A 26, 28, 30
0x2B 25, 26, 28, 30
0x2C 27, 28, 30
0x2D 25, 27, 28, 30
0x2E 26, 27, 28, 30
0x2F 25, 26, 27, 28, 30
0x30 29, 30
0x31 25, 29, 30
0x32 26, 29, 30
0x33 25, 26, 29, 30
0x34 27, 29, 30
0x35 25, 27, 29, 30
0x36 26, 27, 29, 30
0x37 25, 26, 27, 29, 30
0x38 28, 29, 30
0x39 25, 28, 29, 30
0x3A 26, 28, 29, 30
0x3B 25, 26, 28, 29, 30
0x3C 27, 28, 29, 30
0x3D 25, 27, 28, 29, 30
0x3E 26, 27, 28, 29, 30
0x3F 25, 26, 27, 28, 29, 30
0x40 31
0x41 25, 31
0x42 26, 31
0x43 25, 26, 31
0x44 27, 31
0x45 25, 27, 31
0x46 26, 27, 31
0x47 25, 26, 27, 31
0x48 28, 31
0x49 25, 28, 31
0x4A 26, 28, 31
0x4B 25, 26, 28, 31
0x4C 27, 28, 31
0x4D 25, 27, 28, 31
0x4E 26, 27, 28, 31
0x4F 25, 26, 27, 28, 31
0x50 29, 31
0x51 25, 29, 31
0x52 26, 29, 31
0x53 25, 26, 29, 31
0x54 27, 29, 31
0x55 25, 27, 29, 31
0x56 26, 27, 29, 31
0x57 25, 26, 27, 29, 31
0x58 28, 29, 31
0x59 25, 28, 29, 31
0x5A 26, 28, 29, 31
0x5B 25, 26, 28, 29, 31
0x5C 27, 28, 29, 31
0x5D 25, 27, 28, 29, 31
0x5E 26, 27, 28, 29, 31
0x5F 25, 26, 27, 28, 29, 31
0x60 30, 31
0x61 25, 30, 31
0x62 26, 30, 31
0x63 25, 26, 30, 31
0x64 27, 30, 31
0x65 25, 27, 30, 31
0x66 26, 27, 30, 31
0x67 25, 26, 27, 30, 31
0x68 28, 30, 31
0x69 25, 28, 30, 31
0x6A 26, 28, 30, 31
0x6B 25, 26, 28, 30, 31
0x6C 27, 28, 30, 31
0x6D 25, 27, 28, 30, 31
0x6E 26, 27, 28, 30, 31
0x6F 25, 26, 27, 28, 30, 31
0x70 29, 30, 31
0x71 25, 29, 30, 31
0x72 26, 29, 30, 31
0x73 25, 26, 29, 30, 31
0x74 27, 29, 30, 31
0x75 25, 27, 29, 30, 31
0x76 26, 27, 29, 30, 31
0x77 25, 26, 27, 29, 30, 31
0x78 28, 29, 30, 31
0x79 25, 28, 29, 30, 31
0x7A 26, 28, 29, 30, 31
0x7B 25, 26, 28, 29, 30, 31
0x7C 27, 28, 29, 30, 31
0x7D 25, 27, 28, 29, 30, 31
0x7E 26, 27, 28, 29, 30, 31
0x7F 25, 26, 27, 28, 29, 30, 31
0x80 32
0x81 25, 32
0x82 26, 32
0x83 25, 26, 32
0x84 27, 32
0x85 25, 27, 32
0x86 26, 27, 32
0x87 25, 26, 27, 32
0x88 28, 32
0x89 25, 28, 32
0x8A 26, 28, 32
0x8B 25, 26, 28, 32
0x8C 27, 28, 32
0x8D 25, 27, 28, 32
0x8E 26, 27, 28, 32
0x8F 25, 26, 27, 28, 32
0x90 29, 32
0x91 25, 29, 32
0x92 26, 29, 32
0x93 25, 26, 29, 32
0x94 27, 29, 32
0x95 25, 27, 29, 32
0x96 26, 27, 29, 32
0x97 25, 26, 27, 29, 32
0x98 28, 29, 32
0x99 25, 28, 29, 32
0x9A 26, 28, 29, 32
0x9B 25, 26, 28, 29, 32
0x9C 27, 28, 29, 32
0x9D 25, 27, 28, 29, 32
0x9E 26, 27, 28, 29, 32
0x9F 25, 26, 27, 28, 29, 32
0xA0 30, 32
0xA1 25, 30, 32
0xA2 26, 30, 32
0xA3 25, 26, 30, 32
0xA4 27, 30, 32
0xA5 25, 27, 30, 32
0xA6 26, 27, 30, 32
0xA7 25, 26, 27, 30, 32
0xA8 28, 30, 32
0xA9 25, 28, 30, 32
0xAA 26, 28, 30, 32
0xAB 25, 26, 28, 30, 32
0xAC 27, 28, 30, 32
0xAD 25, 27, 28, 30, 32
0xAE 26, 27, 28, 30, 32
0xAF 25, 26, 27, 28, 30, 32
0xB0 29, 30, 32
0xB1 25, 29, 30, 32
0xB2 26, 29, 30, 32
0xB3 25, 26, 29, 30, 32
0xB4 27, 29, 30, 32
0xB5 25, 27, 29, 30, 32
0xB6 26, 27, 29, 30, 32
0xB7 25, 26, 27, 29, 30, 32
0xB8 28, 29, 30, 32
0xB9 25, 28, 29, 30, 32
0xBA 26, 28, 29, 30, 32
0xBB 25, 26, 28, 29, 30, 32
0xBC 27, 28, 29, 30, 32
0xBD 25, 27, 28, 29, 30, 32
0xBE 26, 27, 28, 29, 30, 32
0xBF 25, 26, 27, 28, 29, 30, 32
0xC0 31, 32
0xC1 25, 31, 32
0xC2 26, 31, 32
0xC3 25, 26, 31, 32
0xC4 27, 31, 32
0xC5 25, 27, 31, 32
0xC6 26, 27, 31, 32
0xC7 25, 26, 27, 31, 32
0xC8 28, 31, 32
0xC9 25, 28, 31, 32
0xCA 26, 28, 31, 32
0xCB 25, 26, 28, 31, 32
0xCC 27, 28, 31, 32
0xCD 25, 27, 28, 31, 32
0xCE 26, 27, 28, 31, 32
0xCF 25, 26, 27, 28, 31, 32
0xD0 29, 31, 32
0xD1 25, 29, 31, 32
0xD2 26, 29, 31, 32
0xD3 25, 26, 29, 31, 32
0xD4 27, 29, 31, 32
0xD5 25, 27, 29, 31, 32
0xD6 26, 27, 29, 31, 32
0xD7 25, 26, 27, 29, 31, 32
0xD8 28, 29, 31, 32
0xD9 25, 28, 29, 31, 32
0xDA 26, 28, 29, 31, 32
0xDB 25, 26, 28, 29, 31, 32
0xDC 27, 28, 29, 31, 32
0xDD 25, 27, 28, 29, 31, 32
0xDE 26, 27, 28, 29, 31, 32
0xDF 25, 26, 27, 28, 29, 31, 32
0xE0 30, 31, 32
0xE1 25, 30, 31, 32
0xE2 26, 30, 31, 32
0xE3 25, 26, 30, 31, 32
0xE4 27, 30, 31, 32
0xE5 25, 27, 30, 31, 32
0xE6 26, 27, 30, 31, 32
0xE7 25, 26, 27, 30, 31, 32
0xE8 28, 30, 31, 32
0xE9 25, 28, 30, 31, 32
0xEA 26, 28, 30, 31, 32
0xEB 25, 26, 28, 30, 31, 32
0xEC 27, 28, 30, 31, 32
0xED 25, 27, 28, 30, 31, 32
0xEE 26, 27, 28, 30, 31, 32
0xEF 25, 26, 27, 28, 30, 31, 32
0xF0 29, 30, 31, 32
0xF1 25, 29, 30, 31, 32
0xF2 26, 29, 30, 31, 32
0xF3 25, 26, 29, 30, 31, 32
0xF4 27, 29, 30, 31, 32
0xF5 25, 27, 29, 30, 31, 32
0xF6 26, 27, 29, 30, 31, 32
0xF7 25, 26, 27, 29, 30, 31, 32
0xF8 28, 29, 30, 31, 32
0xF9 25, 28, 29, 30, 31, 32
0xFA 26, 28, 29, 30, 31, 32
0xFB 25, 26, 28, 29, 30, 31, 32
0xFC 27, 28, 29, 30, 31, 32
0xFD 25, 27, 28, 29, 30, 31, 32
0xFE 26, 27, 28, 29, 30, 31, 32
0xFF 25, 26, 27, 28, 29, 30, 31, 32
