256
0x0 None
0x1 33
0x2 34
0x3 33, 34
0x4 35
0x5 33, 35
0x6 34, 35
0x7 33, 34, 35
0x8 36
0x9 33, 36
0xA 34, 36
0xB 33, 34, 36
0xC 35, 36
0xD 33, 35, 36
0xE 34, 35, 36
0xF 33, 34, 35, 36
0x10 37
0x11 33, 37
0x12 34, 37
0x13 33, 34, 37
0x14 35, 37
0x15 33, 35, 37
0x16 34, 35, 37
0x17 33, 34, 35, 37
0x18 36, 37
0x19 33, 36, 37
0x1A 34, 36, 37
0x1B 33, 34, 36, 37
0x1C 35, 36, 37
0x1D 33, 35, 36, 37
0x1E 34, 35, 36, 37
0x1F 33, 34, 35, 36, 37
0x20 38
0x21 33, 38
0x22 34, 38
0x23 33, 34, 38
0x24 35, 38
0x25 33, 35, 38
0x26 34, 35, 38
0x27 33, 34, 35, 38
0x28 36, 38
0x29 33, 36, 38
0x2A 34, 36, 38
0x2B 33, 34, 36, 38
0x2C 35, 36, 38
0x2D 33, 35, 36, 38
0x2E 34, 35, 36, 38
0x2F 33, 34, 35, 36, 38
0x30 37, 38
0x31 33, 37, 38
0x32 34, 37, 38
0x33 33, 34, 37, 38
0x34 35, 37, 38
0x35 33, 35, 37, 38
0x36 34, 35, 37, 38
0x37 33, 34, 35, 37, 38
0x38 36, 37, 38
0x39 33, 36, 37, 38
0x3A 34, 36, 37, 38
0x3B 33, 34, 36, 37, 38
0x3C 35, 36, 37, 38
0x3D 33, 35, 36, 37, 38
0x3E 34, 35, 36, 37, 38
0x3F 33, 34, 35, 36, 37, 38
0x40 39
0x41 33, 39
0x42 34, 39
0x43 33, 34, 39
0x44 35, 39
0x45 33, 35, 39
0x46 34, 35, 39
0x47 33, 34, 35, 39
0x48 36, 39
0x49 33, 36, 39
0x4A 34, 36, 39
0x4B 33, 34, 36, 39
0x4C 35, 36, 39
0x4D 33, 35, 36, 39
0x4E 34, 35, 36, 39
0x4F 33, 34, 35, 36, 39
0x50 37, 39
0x51 33, 37, 39
0x52 34, 37, 39
0x53 33, 34, 37, 39
0x54 35, 37, 39
0x55 33, 35, 37, 39
0x56 34, 35, 37, 39
0x57 33, 34, 35, 37, 39
0x58 36, 37, 39
0x59 33, 36, 37, 39
0x5A 34, 36, 37, 39
0x5B 33, 34, 36, 37, 39
0x5C 35, 36, 37, 39
0x5D 33, 35, 36, 37, 39
0x5E 34, 35, 36, 37, 39
0x5F 33, 34, 35, 36, 37, 39
0x60 38, 39
0x61 33, 38, 39
0x62 34, 38, 39
0x63 33, 34, 38, 39
0x64 35, 38, 39
0x65 33, 35, 38, 39
0x66 34, 35, 38, 39
0x67 33, 34, 35, 38, 39
0x68 36, 38, 39
0x69 33, 36, 38, 39
0x6A 34, 36, 38, 39
0x6B 33, 34, 36, 38, 39
0x6C 35, 36, 38, 39
0x6D 33, 35, 36, 38, 39
0x6E 34, 35, 36, 38, 39
0x6F 33, 34, 35, 36, 38, 39
0x70 37, 38, 39
0x71 33, 37, 38, 39
0x72 34, 37, 38, 39
0x73 33, 34, 37, 38, 39
0x74 35, 37, 38, 39
0x75 33, 35, 37, 38, 39
0x76 34, 35, 37, 38, 39
0x77 33, 34, 35, 37, 38, 39
0x78 36, 37, 38, 39
0x79 33, 36, 37, 38, 39
0x7A 34, 36, 37, 38, 39
0x7B 33, 34, 36, 37, 38, 39
0x7C 35, 36, 37, 38, 39
0x7D 33, 35, 36, 37, 38, 39
0x7E 34, 35, 36, 37, 38, 39
0x7F 33, 34, 35, 36, 37, 38, 39
0x80 40
0x81 33, 40
0x82 34, 40
0x83 33, 34, 40
0x84 35, 40
0x85 33, 35, 40
0x86 34, 35, 40
0x87 33, 34, 35, 40
0x88 36, 40
0x89 33, 36, 40
0x8A 34, 36, 40
0x8B 33, 34, 36, 40
0x8C 35, 36, 40
0x8D 33, 35, 36, 40
0x8E 34, 35, 36, 40
0x8F 33, 34, 35, 36, 40
0x90 37, 40
0x91 33, 37, 40
0x92 34, 37, 40
0x93 33, 34, 37, 40
0x94 35, 37, 40
0x95 33, 35, 37, 40
0x96 34, 35, 37, 40
0x97 33, 34, 35, 37, 40
0x98 36, 37, 40
0x99 33, 36, 37, 40
0x9A 34, 36, 37, 40
0x9B 33, 34, 36, 37, 40
0x9C 35, 36, 37, 40
0x9D 33, 35, 36, 37, 40
0x9E 34, 35, 36, 37, 40
0x9F 33, 34, 35, 36, 37, 40
0xA0 38, 40
0xA1 33, 38, 40
0xA2 34, 38, 40
0xA3 33, 34, 38, 40
0xA4 35, 38, 40
0xA5 33, 35, 38, 40
0xA6 34, 35, 38, 40
0xA7 33, 34, 35, 38, 40
0xA8 36, 38, 40
0xA9 33, 36, 38, 40
0xAA 34, 36, 38, 40
0xAB 33, 34, 36, 38, 40
0xAC 35, 36, 38, 40
0xAD 33, 35, 36, 38, 40
0xAE 34, 35, 36, 38, 40
0xAF 33, 34, 35, 36, 38, 40
0xB0 37, 38, 40
0xB1 33, 37, 38, 40
0xB2 34, 37, 38, 40
0xB3 33, 34, 37, 38, 40
0xB4 35, 37, 38, 40
0xB5 33, 35, 37, 38, 40
0xB6 34, 35, 37, 38, 40
0xB7 33, 34, 35, 37, 38, 40
0xB8 36, 37, 38, 40
0xB9 33, 36, 37, 38, 40
0xBA 34, 36, 37, 38, 40
0xBB 33, 34, 36, 37, 38, 40
0xBC 35, 36, 37, 38, 40
0xBD 33, 35, 36, 37, 38, 40
0xBE 34, 35, 36, 37, 38, 40
0xBF 33, 34, 35, 36, 37, 38, 40
0xC0 39, 40
0xC1 33, 39, 40
0xC2 34, 39, 40
0xC3 33, 34, 39, 40
0xC4 35, 39, 40
0xC5 33, 35, 39, 40
0xC6 34, 35, 39, 40
0xC7 33, 34, 35, 39, 40
0xC8 36, 39, 40
0xC9 33, 36, 39, 40
0xCA 34, 36, 39, 40
0xCB 33, 34, 36, 39, 40
0xCC 35, 36, 39, 40
0xCD 33, 35, 36, 39, 40
0xCE 34, 35, 36, 39, 40
0xCF 33, 34, 35, 36, 39, 40
0xD0 37, 39, 40
0xD1 33, 37, 39, 40
0xD2 34, 37, 39, 40
0xD3 33, 34, 37, 39, 40
0xD4 35, 37, 39, 40
0xD5 33, 35, 37, 39, 40
0xD6 34, 35, 37, 39, 40
0xD7 33, 34, 35, 37, 39, 40
0xD8 36, 37, 39, 40
0xD9 33, 36, 37, 39, 40
0xDA 34, 36, 37, 39, 40
0xDB 33, 34, 36, 37, 39, 40
0xDC 35, 36, 37, 39, 40
0xDD 33, 35, 36, 37, 39, 40
0xDE 34, 35, 36, 37, 39, 40
0xDF 33, 34, 35, 36, 37, 39, 40
0xE0 38, 39, 40
0xE1 33, 38, 39, 40
0xE2 34, 38, 39, 40
0xE3 33, 34, 38, 39, 40
0xE4 35, 38, 39, 40
0xE5 33, 35, 38, 39, 40
0xE6 34, 35, 38, 39, 40
0xE7 33, 34, 35, 38, 39, 40
0xE8 36, 38, 39, 40
0xE9 33, 36, 38, 39, 40
0xEA 34, 36, 38, 39, 40
0xEB 33, 34, 36, 38, 39, 40
0xEC 35, 36, 38, 39, 40
0xED 33, 35, 36, 38, 39, 40
0xEE 34, 35, 36, 38, 39, 40
0xEF 33, 34, 35, 36, 38, 39, 40
0xF0 37, 38, 39, 40
0xF1 33, 37, 38, 39, 40
0xF2 34, 37, 38, 39, 40
0xF3 33, 34, 37, 38, 39, 40
0xF4 35, 37, 38, 39, 40
0xF5 33, 35, 37, 38, 39, 40
0xF6 34, 35, 37, 38, 39, 40
0xF7 33, 34, 35, 37, 38, 39, 40
0xF8 36, 37, 38, 39, 40
0xF9 33, 36, 37, 38, 39, 40
0xFA 34, 36, 37, 38, 39, 40
0xFB 33, 34, 36, 37, 38, 39, 40
0xFC 35, 36, 37, 38, 39, 40
0xFD 33, 35, 36, 37, 38, 39, 40
0xFE 34, 35, 36, 37, 38, 39, 40
0xFF 33, 34, 35, 36, 37, 38, 39, 40