256
0x0 None
0x1 57
0x2 58
0x3 57, 58
0x4 59
0x5 57, 59
0x6 58, 59
0x7 57, 58, 59
0x8 60
0x9 57, 60
0xA 58, 60
0xB 57, 58, 60
0xC 59, 60
0xD 57, 59, 60
0xE 58, 59, 60
0xF 57, 58, 59, 60
0x10 61
0x11 57, 61
0x12 58, 61
0x13 57, 58, 61
0x14 59, 61
0x15 57, 59, 61
0x16 58, 59, 61
0x17 57, 58, 59, 61
0x18 60, 61
0x19 57, 60, 61
0x1A 58, 60, 61
0x1B 57, 58, 60, 61
0x1C 59, 60, 61
0x1D 57, 59, 60, 61
0x1E 58, 59, 60, 61
0x1F 57, 58, 59, 60, 61
0x20 62
0x21 57, 62
0x22 58, 62
0x23 57, 58, 62
0x24 59, 62
0x25 57, 59, 62
0x26 58, 59, 62
0x27 57, 58, 59, 62
0x28 60, 62
0x29 57, 60, 62
0x2A 58, 60, 62
0x2B 57, 58, 60, 62
0x2C 59, 60, 62
0x2D 57, 59, 60, 62
0x2E 58, 59, 60, 62
0x2F 57, 58, 59, 60, 62
0x30 61, 62
0x31 57, 61, 62
0x32 58, 61, 62
0x33 57, 58, 61, 62
0x34 59, 61, 62
0x35 57, 59, 61, 62
0x36 58, 59, 61, 62
0x37 57, 58, 59, 61, 62
0x38 60, 61, 62
0x39 57, 60, 61, 62
0x3A 58, 60, 61, 62
0x3B 57, 58, 60, 61, 62
0x3C 59, 60, 61, 62
0x3D 57, 59, 60, 61, 62
0x3E 58, 59, 60, 61, 62
0x3F 57, 58, 59, 60, 61, 62
0x40 63
0x41 57, 63
0x42 58, 63
0x43 57, 58, 63
0x44 59, 63
0x45 57, 59, 63
0x46 58, 59, 63
0x47 57, 58, 59, 63
0x48 60, 63
0x49 57, 60, 63
0x4A 58, 60, 63
0x4B 57, 58, 60, 63
0x4C 59, 60, 63
0x4D 57, 59, 60, 63
0x4E 58, 59, 60, 63
0x4F 57, 58, 59, 60, 63
0x50 61, 63
0x51 57, 61, 63
0x52 58, 61, 63
0x53 57, 58, 61, 63
0x54 59, 61, 63
0x55 57, 59, 61, 63
0x56 58, 59, 61, 63
0x57 57, 58, 59, 61, 63
0x58 60, 61, 63
0x59 57, 60, 61, 63
0x5A 58, 60, 61, 63
0x5B 57, 58, 60, 61, 63
0x5C 59, 60, 61, 63
0x5D 57, 59, 60, 61, 63
0x5E 58, 59, 60, 61, 63
0x5F 57, 58, 59, 60, 61, 63
0x60 62, 63
0x61 57, 62, 63
0x62 58, 62, 63
0x63 57, 58, 62, 63
0x64 59, 62, 63
0x65 57, 59, 62, 63
0x66 58, 59, 62, 63
0x67 57, 58, 59, 62, 63
0x68 60, 62, 63
0x69 57, 60, 62, 63
0x6A 58, 60, 62, 63
0x6B 57, 58, 60, 62, 63
0x6C 59, 60, 62, 63
0x6D 57, 59, 60, 62, 63
0x6E 58, 59, 60, 62, 63
0x6F 57, 58, 59, 60, 62, 63
0x70 61, 62, 63
0x71 57, 61, 62, 63
0x72 58, 61, 62, 63
0x73 57, 58, 61, 62, 63
0x74 59, 61, 62, 63
0x75 57, 59, 61, 62, 63
0x76 58, 59, 61, 62, 63
0x77 57, 58, 59, 61, 62, 63
0x78 60, 61, 62, 63
0x79 57, 60, 61, 62, 63
0x7A 58, 60, 61, 62, 63
0x7B 57, 58, 60, 61, 62, 63
0x7C 59, 60, 61, 62, 63
0x7D 57, 59, 60, 61, 62, 63
0x7E 58, 59, 60, 61, 62, 63
0x7F 57, 58, 59, 60, 61, 62, 63
0x80 64
0x81 57, 64
0x82 58, 64
0x83 57, 58, 64
0x84 59, 64
0x85 57, 59, 64
0x86 58, 59, 64
0x87 57, 58, 59, 64
0x88 60, 64
0x89 57, 60, 64
0x8A 58, 60, 64
0x8B 57, 58, 60, 64
0x8C 59, 60, 64
0x8D 57, 59, 60, 64
0x8E 58, 59, 60, 64
0x8F 57, 58, 59, 60, 64
0x90 61, 64
0x91 57, 61, 64
0x92 58, 61, 64
0x93 57, 58, 61, 64
0x94 59, 61, 64
0x95 57, 59, 61, 64
0x96 58, 59, 61, 64
0x97 57, 58, 59, 61, 64
0x98 60, 61, 64
0x99 57, 60, 61, 64
0x9A 58, 60, 61, 64
0x9B 57, 58, 60, 61, 64
0x9C 59, 60, 61, 64
0x9D 57, 59, 60, 61, 64
0x9E 58, 59, 60, 61, 64
0x9F 57, 58, 59, 60, 61, 64
0xA0 62, 64
0xA1 57, 62, 64
0xA2 58, 62, 64
0xA3 57, 58, 62, 64
0xA4 59, 62, 64
0xA5 57, 59, 62, 64
0xA6 58, 59, 62, 64
0xA7 57, 58, 59, 62, 64
0xA8 60, 62, 64
0xA9 57, 60, 62, 64
0xAA 58, 60, 62, 64
0xAB 57, 58, 60, 62, 64
0xAC 59, 60, 62, 64
0xAD 57, 59, 60, 62, 64
0xAE 58, 59, 60, 62, 64
0xAF 57, 58, 59, 60, 62, 64
0xB0 61, 62, 64
0xB1 57, 61, 62, 64
0xB2 58, 61, 62, 64
0xB3 57, 58, 61, 62, 64
0xB4 59, 61, 62, 64
0xB5 57, 59, 61, 62, 64
0xB6 58, 59, 61, 62, 64
0xB7 57, 58, 59, 61, 62, 64
0xB8 60, 61, 62, 64
0xB9 57, 60, 61, 62, 64
0xBA 58, 60, 61, 62, 64
0xBB 57, 58, 60, 61, 62, 64
0xBC 59, 60, 61, 62, 64
0xBD 57, 59, 60, 61, 62, 64
0xBE 58, 59, 60, 61, 62, 64
0xBF 57, 58, 59, 60, 61, 62, 64
0xC0 63, 64
0xC1 57, 63, 64
0xC2 58, 63, 64
0xC3 57, 58, 63, 64
0xC4 59, 63, 64
0xC5 57, 59, 63, 64
0xC6 58, 59, 63, 64
0xC7 57, 58, 59, 63, 64
0xC8 60, 63, 64
0xC9 57, 60, 63, 64
0xCA 58, 60, 63, 64
0xCB 57, 58, 60, 63, 64
0xCC 59, 60, 63, 64
0xCD 57, 59, 60, 63, 64
0xCE 58, 59, 60, 63, 64
0xCF 57, 58, 59, 60, 63, 64
0xD0 61, 63, 64
0xD1 57, 61, 63, 64
0xD2 58, 61, 63, 64
0xD3 57, 58, 61, 63, 64
0xD4 59, 61, 63, 64
0xD5 57, 59, 61, 63, 64
0xD6 58, 59, 61, 63, 64
0xD7 57, 58, 59, 61, 63, 64
0xD8 60, 61, 63, 64
0xD9 57, 60, 61, 63, 64
0xDA 58, 60, 61, 63, 64
0xDB 57, 58, 60, 61, 63, 64
0xDC 59, 60, 61, 63, 64
0xDD 57, 59, 60, 61, 63, 64
0xDE 58, 59, 60, 61, 63, 64
0xDF 57, 58, 59, 60, 61, 63, 64
0xE0 62, 63, 64
0xE1 57, 62, 63, 64
0xE2 58, 62, 63, 64
0xE3 57, 58, 62, 63, 64
0xE4 59, 62, 63, 64
0xE5 57, 59, 62, 63, 64
0xE6 58, 59, 62, 63, 64
0xE7 57, 58, 59, 62, 63, 64
0xE8 60, 62, 63, 64
0xE9 57, 60, 62, 63, 64
0xEA 58, 60, 62, 63, 64
0xEB 57, 58, 60, 62, 63, 64
0xEC 59, 60, 62, 63, 64
0xED 57, 59, 60, 62, 63, 64
0xEE 58, 59, 60, 62, 63, 64
0xEF 57, 58, 59, 60, 62, 63, 64
0xF0 61, 62, 63, 64
0xF1 57, 61, 62, 63, 64
0xF2 58, 61, 62, 63, 64
0xF3 57, 58, 61, 62, 63, 64
0xF4 59, 61, 62, 63, 64
0xF5 57, 59, 61, 62, 63, 64
0xF6 58, 59, 61, 62, 63, 64
0xF7 57, 58, 59, 61, 62, 63, 64
0xF8 60, 61, 62, 63, 64
0xF9 57, 60, 61, 62, 63, 64
0xFA 58, 60, 61, 62, 63, 64
0xFB 57, 58, 60, 61, 62, 63, 64
0xFC 59, 60, 61, 62, 63, 64
0xFD 57, 59, 60, 61, 62, 63, 64
0xFE 58, 59, 60, 61, 62, 63, 64
0xFF 57, 58, 59, 60, 61, 62, 63, 64
