256
0x0 None
0x1 49
0x2 50
0x3 49, 50
0x4 51
0x5 49, 51
0x6 50, 51
0x7 49, 50, 51
0x8 52
0x9 49, 52
0xA 50, 52
0xB 49, 50, 52
0xC 51, 52
0xD 49, 51, 52
0xE 50, 51, 52
0xF 49, 50, 51, 52
0x10 53
0x11 49, 53
0x12 50, 53
0x13 49, 50, 53
0x14 51, 53
0x15 49, 51, 53
0x16 50, 51, 53
0x17 49, 50, 51, 53
0x18 52, 53
0x19 49, 52, 53
0x1A 50, 52, 53
0x1B 49, 50, 52, 53
0x1C 51, 52, 53
0x1D 49, 51, 52, 53
0x1E 50, 51, 52, 53
0x1F 49, 50, 51, 52, 53
0x20 54
0x21 49, 54
0x22 50, 54
0x23 49, 50, 54
0x24 51, 54
0x25 49, 51, 54
0x26 50, 51, 54
0x27 49, 50, 51, 54
0x28 52, 54
0x29 49, 52, 54
0x2A 50, 52, 54
0x2B 49, 50, 52, 54
0x2C 51, 52, 54
0x2D 49, 51, 52, 54
0x2E 50, 51, 52, 54
0x2F 49, 50, 51, 52, 54
0x30 53, 54
0x31 49, 53, 54
0x32 50, 53, 54
0x33 49, 50, 53, 54
0x34 51, 53, 54
0x35 49, 51, 53, 54
0x36 50, 51, 53, 54
0x37 49, 50, 51, 53, 54
0x38 52, 53, 54
0x39 49, 52, 53, 54
0x3A 50, 52, 53, 54
0x3B 49, 50, 52, 53, 54
0x3C 51, 52, 53, 54
0x3D 49, 51, 52, 53, 54
0x3E 50, 51, 52, 53, 54
0x3F 49, 50, 51, 52, 53, 54
0x40 55
0x41 49, 55
0x42 50, 55
0x43 49, 50, 55
0x44 51, 55
0x45 49, 51, 55
0x46 50, 51, 55
0x47 49, 50, 51, 55
0x48 52, 55
0x49 49, 52, 55
0x4A 50, 52, 55
0x4B 49, 50, 52, 55
0x4C 51, 52, 55
0x4D 49, 51, 52, 55
0x4E 50, 51, 52, 55
0x4F 49, 50, 51, 52, 55
0x50 53, 55
0x51 49, 53, 55
0x52 50, 53, 55
0x53 49, 50, 53, 55
0x54 51, 53, 55
0x55 49, 51, 53, 55
0x56 50, 51, 53, 55
0x57 49, 50, 51, 53, 55
0x58 52, 53, 55
0x59 49, 52, 53, 55
0x5A 50, 52, 53, 55
0x5B 49, 50, 52, 53, 55
0x5C 51, 52, 53, 55
0x5D 49, 51, 52, 53, 55
0x5E 50, 51, 52, 53, 55
0x5F 49, 50, 51, 52, 53, 55
0x60 54, 55
0x61 49, 54, 55
0x62 50, 54, 55
0x63 49, 50, 54, 55
0x64 51, 54, 55
0x65 49, 51, 54, 55
0x66 50, 51, 54, 55
0x67 49, 50, 51, 54, 55
0x68 52, 54, 55
0x69 49, 52, 54, 55
0x6A 50, 52, 54, 55
0x6B 49, 50, 52, 54, 55
0x6C 51, 52, 54, 55
0x6D 49, 51, 52, 54, 55
0x6E 50, 51, 52, 54, 55
0x6F 49, 50, 51, 52, 54, 55
0x70 53, 54, 55
0x71 49, 53, 54, 55
0x72 50, 53, 54, 55
0x73 49, 50, 53, 54, 55
0x74 51, 53, 54, 55
0x75 49, 51, 53, 54, 55
0x76 50, 51, 53, 54, 55
0x77 49, 50, 51, 53, 54, 55
0x78 52, 53, 54, 55
0x79 49, 52, 53, 54, 55
0x7A 50, 52, 53, 54, 55
0x7B 49, 50, 52, 53, 54, 55
0x7C 51, 52, 53, 54, 55
0x7D 49, 51, 52, 53, 54, 55
0x7E 50, 51, 52, 53, 54, 55
0x7F 49, 50, 51, 52, 53, 54, 55
0x80 56
0x81 49, 56
0x82 50, 56
0x83 49, 50, 56
0x84 51, 56
0x85 49, 51, 56
0x86 50, 51, 56
0x87 49, 50, 51, 56
0x88 52, 56
0x89 49, 52, 56
0x8A 50, 52, 56
0x8B 49, 50, 52, 56
0x8C 51, 52, 56
0x8D 49, 51, 52, 56
0x8E 50, 51, 52, 56
0x8F 49, 50, 51, 52, 56
0x90 53, 56
0x91 49, 53, 56
0x92 50, 53, 56
0x93 49, 50, 53, 56
0x94 51, 53, 56
0x95 49, 51, 53, 56
0x96 50, 51, 53, 56
0x97 49, 50, 51, 53, 56
0x98 52, 53, 56
0x99 49, 52, 53, 56
0x9A 50, 52, 53, 56
0x9B 49, 50, 52, 53, 56
0x9C 51, 52, 53, 56
0x9D 49, 51, 52, 53, 56
0x9E 50, 51, 52, 53, 56
0x9F 49, 50, 51, 52, 53, 56
0xA0 54, 56
0xA1 49, 54, 56
0xA2 50, 54, 56
0xA3 49, 50, 54, 56
0xA4 51, 54, 56
0xA5 49, 51, 54, 56
0xA6 50, 51, 54, 56
0xA7 49, 50, 51, 54, 56
0xA8 52, 54, 56
0xA9 49, 52, 54, 56
0xAA 50, 52, 54, 56
0xAB 49, 50, 52, 54, 56
0xAC 51, 52, 54, 56
0xAD 49, 51, 52, 54, 56
0xAE 50, 51, 52, 54, 56
0xAF 49, 50, 51, 52, 54, 56
0xB0 53, 54, 56
0xB1 49, 53, 54, 56
0xB2 50, 53, 54, 56
0xB3 49, 50, 53, 54, 56
0xB4 51, 53, 54, 56
0xB5 49, 51, 53, 54, 56
0xB6 50, 51, 53, 54, 56
0xB7 49, 50, 51, 53, 54, 56
0xB8 52, 53, 54, 56
0xB9 49, 52, 53, 54, 56
0xBA 50, 52, 53, 54, 56
0xBB 49, 50, 52, 53, 54, 56
0xBC 51, 52, 53, 54, 56
0xBD 49, 51, 52, 53, 54, 56
0xBE 50, 51, 52, 53, 54, 56
0xBF 49, 50, 51, 52, 53, 54, 56
0xC0 55, 56
0xC1 49, 55, 56
0xC2 50, 55, 56
0xC3 49, 50, 55, 56
0xC4 51, 55, 56
0xC5 49, 51, 55, 56
0xC6 50, 51, 55, 56
0xC7 49, 50, 51, 55, 56
0xC8 52, 55, 56
0xC9 49, 52, 55, 56
0xCA 50, 52, 55, 56
0xCB 49, 50, 52, 55, 56
0xCC 51, 52, 55, 56
0xCD 49, 51, 52, 55, 56
0xCE 50, 51, 52, 55, 56
0xCF 49, 50, 51, 52, 55, 56
0xD0 53, 55, 56
0xD1 49, 53, 55, 56
0xD2 50, 53, 55, 56
0xD3 49, 50, 53, 55, 56
0xD4 51, 53, 55, 56
0xD5 49, 51, 53, 55, 56
0xD6 50, 51, 53, 55, 56
0xD7 49, 50, 51, 53, 55, 56
0xD8 52, 53, 55, 56
0xD9 49, 52, 53, 55, 56
0xDA 50, 52, 53, 55, 56
0xDB 49, 50, 52, 53, 55, 56
0xDC 51, 52, 53, 55, 56
0xDD 49, 51, 52, 53, 55, 56
0xDE 50, 51, 52, 53, 55, 56
0xDF 49, 50, 51, 52, 53, 55, 56
0xE0 54, 55, 56
0xE1 49, 54, 55, 56
0xE2 50, 54, 55, 56
0xE3 49, 50, 54, 55, 56
0xE4 51, 54, 55, 56
0xE5 49, 51, 54, 55, 56
0xE6 50, 51, 54, 55, 56
0xE7 49, 50, 51, 54, 55, 56
0xE8 52, 54, 55, 56
0xE9 49, 52, 54, 55, 56
0xEA 50, 52, 54, 55, 56
0xEB 49, 50, 52, 54, 55, 56
0xEC 51, 52, 54, 55, 56
0xED 49, 51, 52, 54, 55, 56
0xEE 50, 51, 52, 54, 55, 56
0xEF 49, 50, 51, 52, 54, 55, 56
0xF0 53, 54, 55, 56
0xF1 49, 53, 54, 55, 56
0xF2 50, 53, 54, 55, 56
0xF3 49, 50, 53, 54, 55, 56
0xF4 51, 53, 54, 55, 56
0xF5 49, 51, 53, 54, 55, 56
0xF6 50, 51, 53, 54, 55, 56
0xF7 49, 50, 51, 53, 54, 55, 56
0xF8 52, 53, 54, 55, 56
0xF9 49, 52, 53, 54, 55, 56
0xFA 50, 52, 53, 54, 55, 56
0xFB 49, 50, 52, 53, 54, 55, 56
0xFC 51, 52, 53, 54, 55, 56
0xFD 49, 51, 52, 53, 54, 55, 56
0xFE 50, 51, 52, 53, 54, 55, 56
0xFF 49, 50, 51, 52, 53, 54, 55, 56
