256
0x0 None
0x1 1
0x2 2
0x3 1, 2
0x4 3
0x5 1, 3
0x6 2, 3
0x7 1, 2, 3
0x8 4
0x9 1, 4
0xA 2, 4
0xB 1, 2, 4
0xC 3, 4
0xD 1, 3, 4
0xE 2, 3, 4
0xF 1, 2, 3, 4
0x10 5
0x11 1, 5
0x12 2, 5
0x13 1, 2, 5
0x14 3, 5
0x15 1, 3, 5
0x16 2, 3, 5
0x17 1, 2, 3, 5
0x18 4, 5
0x19 1, 4, 5
0x1A 2, 4, 5
0x1B 1, 2, 4, 5
0x1C 3, 4, 5
0x1D 1, 3, 4, 5
0x1E 2, 3, 4, 5
0x1F 1, 2, 3, 4, 5
0x20 6
0x21 1, 6
0x22 2, 6
0x23 1, 2, 6
0x24 3, 6
0x25 1, 3, 6
0x26 2, 3, 6
0x27 1, 2, 3, 6
0x28 4, 6
0x29 1, 4, 6
0x2A 2, 4, 6
0x2B 1, 2, 4, 6
0x2C 3, 4, 6
0x2D 1, 3, 4, 6
0x2E 2, 3, 4, 6
0x2F 1, 2, 3, 4, 6
0x30 5, 6
0x31 1, 5, 6
0x32 2, 5, 6
0x33 1, 2, 5, 6
0x34 3, 5, 6
0x35 1, 3, 5, 6
0x36 2, 3, 5, 6
0x37 1, 2, 3, 5, 6
0x38 4, 5, 6
0x39 1, 4, 5, 6
0x3A 2, 4, 5, 6
0x3B 1, 2, 4, 5, 6
0x3C 3, 4, 5, 6
0x3D 1, 3, 4, 5, 6
0x3E 2, 3, 4, 5, 6
0x3F 1, 2, 3, 4, 5, 6
0x40 7
0x41 1, 7
0x42 2, 7
0x43 1, 2, 7
0x44 3, 7
0x45 1, 3, 7
0x46 2, 3, 7
0x47 1, 2, 3, 7
0x48 4, 7
0x49 1, 4, 7
0x4A 2, 4, 7
0x4B 1, 2, 4, 7
0x4C 3, 4, 7
0x4D 1, 3, 4, 7
0x4E 2, 3, 4, 7
0x4F 1, 2, 3, 4, 7
0x50 5, 7
0x51 1, 5, 7
0x52 2, 5, 7
0x53 1, 2, 5, 7
0x54 3, 5, 7
0x55 1, 3, 5, 7
0x56 2, 3, 5, 7
0x57 1, 2, 3, 5, 7
0x58 4, 5, 7
0x59 1, 4, 5, 7
0x5A 2, 4, 5, 7
0x5B 1, 2, 4, 5, 7
0x5C 3, 4, 5, 7
0x5D 1, 3, 4, 5, 7
0x5E 2, 3, 4, 5, 7
0x5F 1, 2, 3, 4, 5, 7
0x60 6, 7
0x61 1, 6, 7
0x62 2, 6, 7
0x63 1, 2, 6, 7
0x64 3, 6, 7
0x65 1, 3, 6, 7
0x66 2, 3, 6, 7
0x67 1, 2, 3, 6, 7
0x68 4, 6, 7
0x69 1, 4, 6, 7
0x6A 2, 4, 6, 7
0x6B 1, 2, 4, 6, 7
0x6C 3, 4, 6, 7
0x6D 1, 3, 4, 6, 7
0x6E 2, 3, 4, 6, 7
0x6F 1, 2, 3, 4, 6, 7
0x70 5, 6, 7
0x71 1, 5, 6, 7
0x72 2, 5, 6, 7
0x73 1, 2, 5, 6, 7
0x74 3, 5, 6, 7
0x75 1, 3, 5, 6, 7
0x76 2, 3, 5, 6, 7
0x77 1, 2, 3, 5, 6, 7
0x78 4, 5, 6, 7
0x79 1, 4, 5, 6, 7
0x7A 2, 4, 5, 6, 7
0x7B 1, 2, 4, 5, 6, 7
0x7C 3, 4, 5, 6, 7
0x7D 1, 3, 4, 5, 6, 7
0x7E 2, 3, 4, 5, 6, 7
0x7F 1, 2, 3, 4, 5, 6, 7
0x80 8
0x81 1, 8
0x82 2, 8
0x83 1, 2, 8
0x84 3, 8
0x85 1, 3, 8
0x86 2, 3, 8
0x87 1, 2, 3, 8
0x88 4, 8
0x89 1, 4, 8
0x8A 2, 4, 8
0x8B 1, 2, 4, 8
0x8C 3, 4, 8
0x8D 1, 3, 4, 8
0x8E 2, 3, 4, 8
0x8F 1, 2, 3, 4, 8
0x90 5, 8
0x91 1, 5, 8
0x92 2, 5, 8
0x93 1, 2, 5, 8
0x94 3, 5, 8
0x95 1, 3, 5, 8
0x96 2, 3, 5, 8
0x97 1, 2, 3, 5, 8
0x98 4, 5, 8
0x99 1, 4, 5, 8
0x9A 2, 4, 5, 8
0x9B 1, 2, 4, 5, 8
0x9C 3, 4, 5, 8
0x9D 1, 3, 4, 5, 8
0x9E 2, 3, 4, 5, 8
0x9F 1, 2, 3, 4, 5, 8
0xA0 6, 8
0xA1 1, 6, 8
0xA2 2, 6, 8
0xA3 1, 2, 6, 8
0xA4 3, 6, 8
0xA5 1, 3, 6, 8
0xA6 2, 3, 6, 8
0xA7 1, 2, 3, 6, 8
0xA8 4, 6, 8
0xA9 1, 4, 6, 8
0xAA 2, 4, 6, 8
0xAB 1, 2, 4, 6, 8
0xAC 3, 4, 6, 8
0xAD 1, 3, 4, 6, 8
0xAE 2, 3, 4, 6, 8
0xAF 1, 2, 3, 4, 6, 8
0xB0 5, 6, 8
0xB1 1, 5, 6, 8
0xB2 2, 5, 6, 8
0xB3 1, 2, 5, 6, 8
0xB4 3, 5, 6, 8
0xB5 1, 3, 5, 6, 8
0xB6 2, 3, 5, 6, 8
0xB7 1, 2, 3, 5, 6, 8
0xB8 4, 5, 6, 8
0xB9 1, 4, 5, 6, 8
0xBA 2, 4, 5, 6, 8
0xBB 1, 2, 4, 5, 6, 8
0xBC 3, 4, 5, 6, 8
0xBD 1, 3, 4, 5, 6, 8
0xBE 2, 3, 4, 5, 6, 8
0xBF 1, 2, 3, 4, 5, 6, 8
0xC0 7, 8
0xC1 1, 7, 8
0xC2 2, 7, 8
0xC3 1, 2, 7, 8
0xC4 3, 7, 8
0xC5 1, 3, 7, 8
0xC6 2, 3, 7, 8
0xC7 1, 2, 3, 7, 8
0xC8 4, 7, 8
0xC9 1, 4, 7, 8
0xCA 2, 4, 7, 8
0xCB 1, 2, 4, 7, 8
0xCC 3, 4, 7, 8
0xCD 1, 3, 4, 7, 8
0xCE 2, 3, 4, 7, 8
0xCF 1, 2, 3, 4, 7, 8
0xD0 5, 7, 8
0xD1 1, 5, 7, 8
0xD2 2, 5, 7, 8
0xD3 1, 2, 5, 7, 8
0xD4 3, 5, 7, 8
0xD5 1, 3, 5, 7, 8
0xD6 2, 3, 5, 7, 8
0xD7 1, 2, 3, 5, 7, 8
0xD8 4, 5, 7, 8
0xD9 1, 4, 5, 7, 8
0xDA 2, 4, 5, 7, 8
0xDB 1, 2, 4, 5, 7, 8
0xDC 3, 4, 5, 7, 8
0xDD 1, 3, 4, 5, 7, 8
0xDE 2, 3, 4, 5, 7, 8
0xDF 1, 2, 3, 4, 5, 7, 8
0xE0 6, 7, 8
0xE1 1, 6, 7, 8
0xE2 2, 6, 7, 8
0xE3 1, 2, 6, 7, 8
0xE4 3, 6, 7, 8
0xE5 1, 3, 6, 7, 8
0xE6 2, 3, 6, 7, 8
0xE7 1, 2, 3, 6, 7, 8
0xE8 4, 6, 7, 8
0xE9 1, 4, 6, 7, 8
0xEA 2, 4, 6, 7, 8
0xEB 1, 2, 4, 6, 7, 8
0xEC 3, 4, 6, 7, 8
0xED 1, 3, 4, 6, 7, 8
0xEE 2, 3, 4, 6, 7, 8
0xEF 1, 2, 3, 4, 6, 7, 8
0xF0 5, 6, 7, 8
0xF1 1, 5, 6, 7, 8
0xF2 2, 5, 6, 7, 8
0xF3 1, 2, 5, 6, 7, 8
0xF4 3, 5, 6, 7, 8
0xF5 1, 3, 5, 6, 7, 8
0xF6 2, 3, 5, 6, 7, 8
0xF7 1, 2, 3, 5, 6, 7, 8
0xF8 4, 5, 6, 7, 8
0xF9 1, 4, 5, 6, 7, 8
0xFA 2, 4, 5, 6, 7, 8
0xFB 1, 2, 4, 5, 6, 7, 8
0xFC 3, 4, 5, 6, 7, 8
0xFD 1, 3, 4, 5, 6, 7, 8
0xFE 2, 3, 4, 5, 6, 7, 8
0xFF 1, 2, 3, 4, 5, 6, 7, 8