128
0x0 None
0x1 57
0x2 58
0x3 57, 58
0x4 59
0x5 57, 59
0x6 58, 59
0x7 57, 58, 59
0x8 60
0x9 57, 60
0xA 58, 60
0xB 57, 58, 60
0xC 59, 60
0xD 57, 59, 60
0xE 58, 59, 60
0xF 57, 58, 59, 60
0x10 61
0x11 57, 61
0x12 58, 61
0x13 57, 58, 61
0x14 59, 61
0x15 57, 59, 61
0x16 58, 59, 61
0x17 57, 58, 59, 61
0x18 60, 61
0x19 57, 60, 61
0x1A 58, 60, 61
0x1B 57, 58, 60, 61
0x1C 59, 60, 61
0x1D 57, 59, 60, 61
0x1E 58, 59, 60, 61
0x1F 57, 58, 59, 60, 61
0x20 62
0x21 57, 62
0x22 58, 62
0x23 57, 58, 62
0x24 59, 62
0x25 57, 59, 62
0x26 58, 59, 62
0x27 57, 58, 59, 62
0x28 60, 62
0x29 57, 60, 62
0x2A 58, 60, 62
0x2B 57, 58, 60, 62
0x2C 59, 60, 62
0x2D 57, 59, 60, 62
0x2E 58, 59, 60, 62
0x2F 57, 58, 59, 60, 62
0x30 61, 62
0x31 57, 61, 62
0x32 58, 61, 62
0x33 57, 58, 61, 62
0x34 59, 61, 62
0x35 57, 59, 61, 62
0x36 58, 59, 61, 62
0x37 57, 58, 59, 61, 62
0x38 60, 61, 62
0x39 57, 60, 61, 62
0x3A 58, 60, 61, 62
0x3B 57, 58, 60, 61, 62
0x3C 59, 60, 61, 62
0x3D 57, 59, 60, 61, 62
0x3E 58, 59, 60, 61, 62
0x3F 57, 58, 59, 60, 61, 62
0x40 63
0x41 57, 63
0x42 58, 63
0x43 57, 58, 63
0x44 59, 63
0x45 57, 59, 63
0x46 58, 59, 63
0x47 57, 58, 59, 63
0x48 60, 63
0x49 57, 60, 63
0x4A 58, 60, 63
0x4B 57, 58, 60, 63
0x4C 59, 60, 63
0x4D 57, 59, 60, 63
0x4E 58, 59, 60, 63
0x4F 57, 58, 59, 60, 63
0x50 61, 63
0x51 57, 61, 63
0x52 58, 61, 63
0x53 57, 58, 61, 63
0x54 59, 61, 63
0x55 57, 59, 61, 63
0x56 58, 59, 61, 63
0x57 57, 58, 59, 61, 63
0x58 60, 61, 63
0x59 57, 60, 61, 63
0x5A 58, 60, 61, 63
0x5B 57, 58, 60, 61, 63
0x5C 59, 60, 61, 63
0x5D 57, 59, 60, 61, 63
0x5E 58, 59, 60, 61, 63
0x5F 57, 58, 59, 60, 61, 63
0x60 62, 63
0x61 57, 62, 63
0x62 58, 62, 63
0x63 57, 58, 62, 63
0x64 59, 62, 63
0x65 57, 59, 62, 63
0x66 58, 59, 62, 63
0x67 57, 58, 59, 62, 63
0x68 60, 62, 63
0x69 57, 60, 62, 63
0x6A 58, 60, 62, 63
0x6B 57, 58, 60, 62, 63
0x6C 59, 60, 62, 63
0x6D 57, 59, 60, 62, 63
0x6E 58, 59, 60, 62, 63
0x6F 57, 58, 59, 60, 62, 63
0x70 61, 62, 63
0x71 57, 61, 62, 63
0x72 58, 61, 62, 63
0x73 57, 58, 61, 62, 63
0x74 59, 61, 62, 63
0x75 57, 59, 61, 62, 63
0x76 58, 59, 61, 62, 63
0x77 57, 58, 59, 61, 62, 63
0x78 60, 61, 62, 63
0x79 57, 60, 61, 62, 63
0x7A 58, 60, 61, 62, 63
0x7B 57, 58, 60, 61, 62, 63
0x7C 59, 60, 61, 62, 63
0x7D 57, 59, 60, 61, 62, 63
0x7E 58, 59, 60, 61, 62, 63
0x7F 57, 58, 59, 60, 61, 62, 63
